7.830000000000000000e+02 3.739999999999999991e-01
8.080000000000000000e+02 3.499999999999999778e-01
8.310000000000000000e+02 3.280000000000000138e-01
8.560000000000000000e+02 3.049999999999999933e-01
8.810000000000000000e+02 2.919999999999999818e-01
9.050000000000000000e+02 2.700000000000000178e-01
9.290000000000000000e+02 2.540000000000000036e-01
9.540000000000000000e+02 2.439999999999999947e-01
9.780000000000000000e+02 2.320000000000000118e-01
1.002999999999999886e+03 2.190000000000000002e-01
1.027000000000000000e+03 2.139999999999999958e-01
1.052000000000000000e+03 2.049999999999999878e-01
1.076000000000000000e+03 1.920000000000000040e-01
1.100000000000000000e+03 1.819999999999999951e-01
1.125000000000000000e+03 1.869999999999999996e-01
1.137000000000000000e+03 1.749999999999999889e-01
1.149000000000000000e+03 1.680000000000000104e-01
1.161000000000000000e+03 1.640000000000000069e-01
1.173000000000000000e+03 1.539999999999999980e-01
1.185000000000000000e+03 1.390000000000000124e-01
1.198000000000000000e+03 1.260000000000000009e-01
1.200000000000000000e+03 9.800000000000000377e-02
1.211000000000000000e+03 1.799999999999999933e-01
1.223000000000000000e+03 1.670000000000000095e-01
1.235000000000000000e+03 1.600000000000000033e-01
1.247000000000000000e+03 1.519999999999999962e-01
1.259000000000000000e+03 1.459999999999999909e-01
1.271000000000000000e+03 1.469999999999999918e-01
1.283000000000000000e+03 1.409999999999999865e-01
1.296000000000000000e+03 1.380000000000000115e-01
1.308000000000000000e+03 1.360000000000000098e-01
1.320000000000000000e+03 1.340000000000000080e-01
1.332000000000000000e+03 1.300000000000000044e-01
1.344000000000000000e+03 1.229999999999999982e-01
1.356000000000000000e+03 1.199999999999999956e-01
1.369000000000000000e+03 1.250000000000000000e-01
1.381000000000000000e+03 9.800000000000000377e-02
1.394000000000000000e+03 1.429999999999999882e-01
1.408000000000000000e+03 1.199999999999999956e-01
1.418000000000000000e+03 1.150000000000000050e-01
1.430000000000000000e+03 1.120000000000000023e-01
1.443000000000000000e+03 1.029999999999999943e-01
1.455000000000000000e+03 7.199999999999999456e-02
1.467000000000000000e+03 1.199999999999999956e-01
1.479000000000000000e+03 1.059999999999999970e-01
1.492000000000000000e+03 1.000000000000000056e-01
1.508000000000000000e+03 1.010000000000000064e-01
1.523000000000000000e+03 8.200000000000000344e-02
1.540000000000000000e+03 1.019999999999999934e-01
1.552000000000000000e+03 9.800000000000000377e-02
1.565000000000000000e+03 9.299999999999999933e-02
1.577000000000000000e+03 8.999999999999999667e-02
1.589000000000000000e+03 1.039999999999999952e-01
1.601000000000000000e+03 9.700000000000000289e-02
1.614000000000000000e+03 9.099999999999999756e-02
1.626000000000000000e+03 8.699999999999999400e-02
1.638000000000000000e+03 8.300000000000000433e-02
1.650000000000000000e+03 8.200000000000000344e-02
1.662000000000000000e+03 9.800000000000000377e-02
1.675000000000000000e+03 8.000000000000000167e-02
1.687000000000000000e+03 8.100000000000000255e-02
1.699000000000000000e+03 5.800000000000000294e-02
1.711000000000000000e+03 7.699999999999999900e-02
1.723000000000000000e+03 8.799999999999999489e-02
1.735000000000000000e+03 8.500000000000000611e-02
1.747000000000000000e+03 9.700000000000000289e-02
1.760000000000000000e+03 9.199999999999999845e-02
1.772000000000000000e+03 8.300000000000000433e-02
1.785000000000000000e+03 7.699999999999999900e-02
1.809000000000000000e+03 7.399999999999999634e-02
1.833000000000000000e+03 7.199999999999999456e-02
1.858000000000000000e+03 6.300000000000000044e-02
1.882000000000000000e+03 5.899999999999999689e-02
1.906000000000000000e+03 5.399999999999999939e-02
1.932000000000000000e+03 5.199999999999999761e-02
1.956000000000000000e+03 4.100000000000000172e-02
1.968000000000000000e+03 8.100000000000000255e-02
1.980000000000000000e+03 7.299999999999999545e-02
1.992000000000000000e+03 7.599999999999999811e-02
2.004000000000000000e+03 6.900000000000000577e-02
2.016000000000000000e+03 5.800000000000000294e-02
2.029000000000000000e+03 6.900000000000000577e-02
2.041000000000000000e+03 9.500000000000000111e-02
2.053000000000000000e+03 1.110000000000000014e-01
2.065000000000000000e+03 7.399999999999999634e-02
2.078000000000000000e+03 6.600000000000000311e-02
2.090000000000000000e+03 5.899999999999999689e-02
2.102000000000000000e+03 5.199999999999999761e-02
2.114000000000000000e+03 7.199999999999999456e-02
2.126000000000000000e+03 5.099999999999999672e-02
2.138000000000000000e+03 8.999999999999999667e-02
2.151000000000000000e+03 6.600000000000000311e-02
2.163000000000000000e+03 5.800000000000000294e-02
2.175000000000000000e+03 5.099999999999999672e-02
2.187000000000000000e+03 4.200000000000000261e-02
2.200000000000000000e+03 3.300000000000000155e-02
2.212000000000000000e+03 4.299999999999999656e-02
2.224000000000000000e+03 5.399999999999999939e-02
2.237000000000000000e+03 6.500000000000000222e-02
2.249000000000000000e+03 6.800000000000000488e-02
2.261000000000000000e+03 7.000000000000000666e-02
2.274000000000000000e+03 6.500000000000000222e-02
2.286000000000000000e+03 5.899999999999999689e-02
2.297000000000000000e+03 7.299999999999999545e-02
2.310000000000000000e+03 5.399999999999999939e-02
2.322000000000000000e+03 5.800000000000000294e-02
2.334000000000000000e+03 6.700000000000000400e-02
2.346000000000000000e+03 5.700000000000000205e-02
2.358000000000000000e+03 4.299999999999999656e-02
2.371000000000000000e+03 4.000000000000000083e-02
2.383000000000000000e+03 5.600000000000000117e-02
2.395000000000000000e+03 5.099999999999999672e-02
2.407000000000000000e+03 5.000000000000000278e-02
2.420000000000000000e+03 4.800000000000000100e-02
2.432000000000000000e+03 4.399999999999999745e-02
2.444000000000000000e+03 4.700000000000000011e-02
2.469000000000000000e+03 4.700000000000000011e-02
2.481000000000000000e+03 6.700000000000000400e-02
2.493000000000000000e+03 2.999999999999999889e-02
2.505000000000000000e+03 2.900000000000000147e-02
2.517000000000000000e+03 2.800000000000000058e-02
2.530000000000000000e+03 3.099999999999999978e-02
2.542000000000000000e+03 4.399999999999999745e-02
2.554000000000000000e+03 7.000000000000000666e-02
2.566000000000000000e+03 4.900000000000000189e-02
2.578000000000000000e+03 3.599999999999999728e-02
2.591000000000000000e+03 4.399999999999999745e-02
2.603000000000000000e+03 5.800000000000000294e-02
2.615000000000000000e+03 5.899999999999999689e-02
2.627000000000000000e+03 4.599999999999999922e-02
2.639000000000000000e+03 3.699999999999999817e-02
2.650000000000000000e+03 3.200000000000000067e-02
2.664000000000000000e+03 2.699999999999999969e-02
2.675000000000000000e+03 6.300000000000000044e-02
2.688000000000000000e+03 4.499999999999999833e-02
2.700000000000000000e+03 3.500000000000000333e-02
2.713000000000000000e+03 2.599999999999999881e-02
2.725000000000000000e+03 4.299999999999999656e-02
2.737000000000000000e+03 2.500000000000000139e-02
2.750000000000000000e+03 2.699999999999999969e-02
2.762000000000000000e+03 5.600000000000000117e-02
2.764000000000000000e+03 7.199999999999999456e-02
2.786000000000000000e+03 6.500000000000000222e-02
2.799000000000000000e+03 5.500000000000000028e-02
2.811000000000000000e+03 5.000000000000000278e-02
2.823000000000000000e+03 4.499999999999999833e-02
2.835000000000000000e+03 4.100000000000000172e-02
2.847000000000000000e+03 3.599999999999999728e-02
2.850000000000000000e+03 3.200000000000000067e-02
2.860000000000000000e+03 2.999999999999999889e-02
2.865000000000000000e+03 2.100000000000000130e-02
2.870000000000000000e+03 1.079999999999999988e-01
2.872000000000000000e+03 1.729999999999999871e-01
2.875000000000000000e+03 2.849999999999999756e-01
2.880000000000000000e+03 1.209999999999999964e-01
2.885000000000000000e+03 6.800000000000000488e-02
2.890000000000000000e+03 6.500000000000000222e-02
2.895000000000000000e+03 6.700000000000000400e-02
2.908000000000000000e+03 5.999999999999999778e-02
2.920000000000000000e+03 5.299999999999999850e-02
2.933000000000000000e+03 4.200000000000000261e-02
2.945000000000000000e+03 4.299999999999999656e-02
2.958000000000000000e+03 8.400000000000000522e-02
2.970000000000000000e+03 8.500000000000000611e-02
2.982000000000000000e+03 5.999999999999999778e-02
2.994000000000000000e+03 4.299999999999999656e-02
3.006000000000000000e+03 3.400000000000000244e-02
3.017000000000000000e+03 5.600000000000000117e-02
3.031000000000000000e+03 5.199999999999999761e-02
