Theta	E
62.109045	1862.568250
62.109045	1804.597250
62.109045	1770.614250
62.109045	1862.740560
62.109045	1810.947882
62.109045	1767.709472
57.171421	1871.563750
57.171421	1792.603250
57.171421	1871.685012
57.171421	1826.883939
92.475302	1798.600250
92.475302	1846.576250
92.475302	1646.676250
92.475302	1706.646250
92.475302	1798.855467
92.475302	1844.739145
92.475302	1645.538975
92.475302	1694.078566
55.567893	1874.562250
55.567893	1872.740996
63.098956	1861.568750
63.098956	1802.598250
63.098956	1768.615250
63.098956	1920.539250
63.098956	1861.639866
63.098956	1800.953501
63.098956	1766.769568
63.098956	1910.938102
143.180219	1746.626250
143.180219	1475.761750
143.180219	1495.751750
143.180219	1604.697250
143.180219	1585.706750
143.180219	1748.811068
143.180219	1463.212981
143.180219	1486.175746
143.180219	1592.242431
143.180219	1577.912556
61.099908	1863.567750
61.099908	1805.596750
61.099908	1771.613750
61.099908	1863.800040
61.099908	1813.939604
61.099908	1769.062489
64.063545	1858.570250
64.063545	1798.600250
64.063545	1760.619250
115.469948	1800.599250
115.469948	1575.711750
115.469948	1668.665250
115.469948	1799.472737
115.469948	1577.792514
115.469948	1672.482080
56.554007	1872.563250
56.554007	1871.181180
158.999675	1741.628750
158.999675	1456.771250
158.999675	1576.711250
158.999675	1739.789797
158.999675	1460.420817
158.999675	1573.209528
57.797585	1870.564250
57.797585	1810.594250
57.797585	1790.604250
53.321606	1877.560750
53.321606	1877.364152
59.504353	1866.566250
59.504353	1806.596250
59.504353	1783.607750
59.504353	1867.752933
59.504353	1824.760340
59.504353	1045.182394
160.007928	1742.628250
160.007928	1456.771250
160.007928	1576.711250
160.007928	1741.083796
160.007928	1460.424296
160.007928	1576.452300
156.196253	1742.628250
156.196253	1460.769250
156.196253	1579.709750
156.196253	1741.238230
156.196253	1465.707045
156.196253	1579.121932
112.996031	1804.597250
112.996031	1584.707250
112.996031	1748.625250
112.996031	1803.548401
112.996031	1584.694652
112.996031	1677.540205
65.209138	1856.571250
65.209138	1796.601250
65.209138	1755.621750
65.209138	1912.543250
65.209138	1855.857175
65.209138	1782.357867
65.209138	1754.526952
65.209138	1903.724842
70.416308	1845.576750
70.416308	1898.550250
70.416308	1732.633250
70.416308	1845.919467
70.416308	1890.866599
70.416308	1753.743340
148.196906	1735.631750
148.196906	1453.772750
148.196906	1571.713750
148.196906	1735.175948
148.196906	1459.528047
148.196906	1567.929677
157.721207	1742.628250
157.721207	1458.770250
157.721207	1740.809817
157.721207	1463.002032
147.180617	1742.628250
147.180617	1471.763750
147.180617	1583.707750
147.180617	1741.301769
147.180617	1471.104996
147.180617	1578.153327
100.490909	1829.584750
100.490909	1781.608750
100.490909	1625.686750
100.490909	1829.826625
100.490909	1781.160610
100.490909	1652.665223
105.583370	1819.589750
105.583370	1771.613750
105.583370	1607.695750
105.583370	1694.652250
105.583370	1819.719183
105.583370	1772.915050
105.583370	1607.079737
105.583370	1707.257672
98.926609	1834.582250
98.926609	1786.606250
98.926609	1632.683250
98.926609	1684.657250
98.926609	1833.696356
98.926609	1785.657825
98.926609	1630.212489
98.926609	1695.963863
158.499430	1741.628750
158.499430	1459.769750
158.499430	1575.711750
158.499430	1740.488929
158.499430	1462.623207
158.499430	1572.498543
54.465355	1877.560750
54.465355	1802.598250
54.465355	1877.081971
54.465355	1828.866915
109.945501	1811.593750
109.945501	1761.618750
109.945501	1593.702750
109.945501	1682.658250
109.945501	1811.542300
109.945501	1765.106190
109.945501	1594.386557
109.945501	1692.392355
90.240250	1801.598750
90.240250	1848.575250
90.240250	1653.672750
90.240250	1713.642750
90.240250	1802.516141
90.240250	1847.776458
90.240250	1650.202956
90.240250	1698.484260
67.317489	1853.572750
67.317489	1791.603750
67.317489	1750.624250
67.317489	1908.545250
67.317489	1853.604678
67.317489	1103.498973
67.317489	1776.989574
67.317489	1899.574021
75.731176	1834.582250
75.731176	1883.557750
75.731176	1710.644250
75.731176	1834.921111
75.731176	1878.348539
75.731176	1748.872769
118.633641	1795.601750
118.633641	1567.715750
118.633641	1663.667750
118.633641	1795.196200
118.633641	1571.427937
118.633641	1664.666839
111.640508	1806.596250
111.640508	1586.706250
111.640508	1752.623250
111.640508	1678.660250
111.640508	1806.018786
111.640508	1588.769199
111.640508	1762.843329
111.640508	1679.978876
72.537237	1843.577750
72.537237	1894.552250
72.537237	1727.635750
72.537237	1843.460888
72.537237	1886.958019
72.537237	1754.025878
77.136714	1832.583250
77.136714	1881.558750
77.136714	1706.646250
77.136714	1833.002505
77.136714	1876.018243
77.136714	1750.030141
89.162947	1811.593750
89.162947	1856.571250
89.162947	1666.666250
89.162947	1726.636250
89.162947	1811.608373
89.162947	1854.269709
89.162947	1665.847615
89.162947	1712.798321
108.875009	1813.592750
108.875009	1762.618250
108.875009	1598.700250
108.875009	1813.788178
108.875009	1759.933943
108.875009	1612.901180
68.146684	1851.573750
68.146684	1906.546250
68.146684	1744.627250
68.146684	1789.604750
68.146684	1851.773173
68.146684	1898.243980
68.146684	1164.041043
68.146684	1775.307160
70.996082	1844.577250
70.996082	1896.551250
70.996082	1730.634250
70.996082	1779.609750
70.996082	1844.943186
70.996082	1888.586112
70.996082	1217.007334
70.996082	1761.318795
66.450266	1854.572250
66.450266	1909.544750
66.450266	1751.623750
66.450266	1792.603250
122.371601	1789.604750
122.371601	1553.722750
122.371601	1787.842045
122.371601	1556.998385
116.607992	1797.600750
116.607992	1570.714250
116.607992	1665.666750
116.607992	1796.214766
116.607992	1576.084803
116.607992	1664.240692
58.707842	1870.564250
58.707842	1793.602750
58.707842	1870.170405
58.707842	1825.576818
101.457850	1824.587250
101.457850	1775.611750
101.457850	1621.688750
101.457850	1667.665750
101.457850	1704.647250
101.457850	1824.755260
101.457850	1775.263426
101.457850	1612.316841
101.457850	744.028670
101.457850	1685.753462
116.065792	1797.600750
116.065792	1665.666750
116.065792	1570.714250
86.728219	1810.594250
86.728219	1856.571250
86.728219	1666.666250
86.728219	1810.701896
86.728219	1854.300879
86.728219	1700.250532
119.576473	1794.602250
119.576473	1564.717250
119.576473	1659.669750
119.576473	1793.210615
119.576473	1565.842042
119.576473	1660.652428
146.637274	1743.627750
146.637274	1480.759250
146.637274	1592.703250
146.637274	1743.530757
146.637274	1476.001943
146.637274	1584.694522
94.367783	1798.600250
94.367783	1845.576750
94.367783	1647.675750
94.367783	1707.645750
94.367783	1799.123403
94.367783	1844.348432
94.367783	1645.691629
94.367783	1698.436158
125.536441	1780.609250
125.536441	1540.729250
125.536441	1641.678750
125.536441	1779.310502
125.536441	1542.472838
125.536441	1639.110167
60.313731	1864.567250
60.313731	1804.597250
60.313731	1779.609750
60.313731	1865.666316
60.313731	1821.665278
60.313731	996.399099
99.950956	1832.583250
99.950956	1785.606750
99.950956	1628.685250
99.950956	1832.598450
99.950956	1784.462750
99.950956	1657.485289
54.991454	1877.560750
54.991454	1795.601750
54.991454	1876.333384
54.991454	1833.640920
150.913801	1719.639750
150.913801	1428.785250
150.913801	1548.725250
150.913801	1718.964981
150.913801	1432.451930
150.913801	1550.235978
145.469098	1744.627250
145.469098	1485.756750
145.469098	1580.709250
145.469098	1744.988992
145.469098	1478.408643
145.469098	1583.620001
52.377551	1878.560250
52.377551	1877.823676
91.208016	1798.600250
91.208016	1846.576250
91.208016	1646.676250
91.208016	1707.645750
91.208016	1798.403899
91.208016	1844.808797
91.208016	1646.584687
91.208016	1701.050469
154.603020	1743.627750
154.603020	1463.767750
154.603020	1582.708250
154.603020	1742.427781
154.603020	1467.369104
154.603020	1577.588457
149.263355	1730.634250
149.263355	1441.778750
149.263355	1562.718250
149.263355	1729.601288
149.263355	1445.371560
149.263355	1562.008963
87.398131	1810.594250
87.398131	1857.570750
87.398131	1665.666750
87.398131	1727.635750
87.398131	1811.564398
87.398131	1855.032449
87.398131	1664.704662
87.398131	1714.067191
123.446810	1786.606250
123.446810	1550.724250
123.446810	1785.320674
123.446810	1552.405004
113.916678	1803.597750
113.916678	1582.708250
113.916678	1802.287432
113.916678	1588.019521
114.437194	1802.598250
114.437194	1581.708750
114.437194	1801.012914
114.437194	1584.603437
103.191225	1824.587250
103.191225	1774.612250
103.191225	1611.693750
103.191225	1824.512428
103.191225	1773.093829
103.191225	1641.595527
80.985204	1822.588250
80.985204	1869.564750
80.985204	1685.656750
80.985204	1823.315207
80.985204	1866.066567
80.985204	1722.053731
117.343138	1797.600750
117.343138	1570.714250
117.343138	1663.667750
117.343138	1796.292271
117.343138	1573.695848
117.343138	1664.013655
105.078553	1822.588250
105.078553	1773.612750
105.078553	1609.694750
105.078553	1822.201021
105.078553	1771.742062
105.078553	1638.104505
53.837773	1877.560750
53.837773	1803.597750
53.837773	1877.334024
53.837773	1836.056906
74.600352	1836.581250
74.600352	1886.556250
74.600352	1713.642750
74.600352	1837.330288
74.600352	1880.931826
74.600352	1749.035744
111.001244	1809.594750
111.001244	1759.619750
111.001244	1590.704250
111.001244	1679.659750
111.001244	1809.502572
111.001244	1763.865277
111.001244	1591.863020
111.001244	1685.228095
95.707450	1835.581750
95.707450	1788.605250
95.707450	1636.681250
95.707450	1836.021421
95.707450	1788.487752
95.707450	1663.732863
152.335194	1744.627250
152.335194	1467.765750
152.335194	1740.141269
152.335194	1468.753318
83.858625	1822.588250
83.858625	1868.565250
83.858625	1685.656750
83.858625	1745.626750
83.858625	1822.884598
83.858625	1865.593754
83.858625	1684.219465
83.858625	1747.284225
142.661987	1747.625750
142.661987	1494.752250
142.661987	1476.761250
142.661987	1583.707750
142.661987	1611.693750
142.661987	1751.107778
142.661987	1489.143924
142.661987	331.616006
142.661987	1594.359543
142.661987	1561.690724
98.026784	1835.581750
98.026784	1786.606250
98.026784	1628.685250
98.026784	1683.657750
98.026784	1834.452183
98.026784	1785.862883
98.026784	1629.210789
98.026784	1684.540713
150.026661	1722.638250
150.026661	1432.783250
150.026661	1558.720250
150.026661	1723.083592
150.026661	1438.421850
150.026661	1554.300853
97.464581	1835.581750
97.464581	1785.606750
97.464581	1624.687250
97.464581	1684.657250
97.464581	1834.356132
97.464581	1785.810009
97.464581	1629.708240
97.464581	1692.738342
93.706347	1799.599750
93.706347	1846.576250
93.706347	1644.677250
93.706347	1799.423520
93.706347	1845.173638
93.706347	1679.280182
79.597463	1826.586250
79.597463	1874.562250
79.597463	1692.653250
79.597463	1827.040740
79.597463	1870.124155
79.597463	1735.492265
121.312991	1790.604250
121.312991	1555.721750
121.312991	1789.418455
121.312991	1558.968330
106.153438	1815.591750
106.153438	1768.615250
106.153438	1604.697250
106.153438	1816.050313
106.153438	1769.034350
106.153438	1632.999832
82.993468	1822.588250
82.993468	1868.565250
82.993468	1745.626750
82.993468	1685.656750
82.993468	1822.707425
82.993468	1865.194365
82.993468	1749.227262
82.993468	1683.943780
104.436452	1823.587750
104.436452	1774.612250
104.436452	1613.692750
104.436452	1703.647750
104.436452	1674.662250
104.436452	1823.031601
104.436452	1774.235777
104.436452	1611.156487
104.436452	1710.826502
104.436452	893.403947
102.279706	1824.587250
102.279706	1774.612250
102.279706	1615.691750
102.279706	1824.930814
102.279706	1772.253105
102.279706	1641.059490
126.175143	1780.609250
126.175143	1540.729250
126.175143	1638.680250
126.175143	1779.216398
126.175143	1540.583692
126.175143	7985.461194
164.059538	1741.628750
164.059538	1452.773250
164.059538	1740.711490
164.059538	1460.831736
84.797629	1815.591750
84.797629	1861.568750
84.797629	1674.662250
84.797629	1736.631250
84.797629	1815.590590
84.797629	1859.848698
84.797629	1672.381276
84.797629	1736.417631
155.648645	1743.627750
155.648645	1461.768750
155.648645	1741.481731
155.648645	1466.185461
96.924138	1835.581750
96.924138	1786.606250
96.924138	1631.683750
96.924138	1716.641250
96.924138	1686.656250
96.924138	1834.715324
96.924138	1785.424842
96.924138	1628.109213
96.924138	860.813557
96.924138	1686.560518
96.396213	1834.582250
96.396213	1786.606250
96.396213	1640.679250
96.396213	1622.688250
96.396213	1686.656250
96.396213	1834.182349
96.396213	1785.408539
96.396213	490671015.898548
96.396213	1652.445034
96.396213	922886183.205926
141.691617	1748.625250
141.691617	1498.750250
141.691617	1475.761750
141.691617	1587.705750
141.691617	1752.197737
141.691617	1518.843790
141.691617	1485.422807
141.691617	1595.509846
153.932342	1744.627250
153.932342	1466.766250
153.932342	1743.167252
153.932342	1469.289933
87.958376	1811.593750
87.958376	1856.571250
87.958376	1665.666750
87.958376	1725.636750
87.958376	1811.496773
87.958376	1854.437172
87.958376	1664.111846
87.958376	1711.964777
107.192747	1815.591750
107.192747	1762.618250
107.192747	1601.698750
107.192747	1694.652250
107.192747	1814.711682
107.192747	1764.453846
107.192747	1600.786473
107.192747	1710.851670
163.013666	1741.628750
163.013666	1453.772750
163.013666	1573.712750
163.013666	1740.632258
163.013666	1458.412666
163.013666	1575.409948
118.124276	1796.601250
118.124276	1570.714250
120.777421	1791.603750
120.777421	1654.672250
120.777421	1790.574871
120.777421	1808.306035
85.440681	1810.594250
85.440681	1857.570750
85.440681	1664.667250
85.440681	1726.636250
85.440681	1811.041979
85.440681	1854.972051
85.440681	1664.755496
85.440681	1712.813250
162.490823	1742.628250
162.490823	1453.772750
162.490823	1575.711750
162.490823	1741.257101
162.490823	1458.685810
162.490823	1577.340328
112.437956	1804.597250
112.437956	1586.706250
124.886750	1780.609250
124.886750	1640.679250
124.886750	1541.728750
124.886750	1780.012320
124.886750	1640.922620
124.886750	1542.008760
153.169204	1745.626750
153.169204	1468.765250
153.169204	1743.275225
153.169204	1469.205218
120.263801	1791.603750
120.263801	1558.720250
120.263801	1790.108619
120.263801	1561.801383
64.565200	1856.571250
64.565200	1913.542750
64.565200	1756.621250
64.565200	1795.601750
64.565200	1856.892904
64.565200	2233.428879
64.565200	1755.965481
64.565200	1816.491353
95.108791	1796.601250
95.108791	1842.578250
95.108791	1643.677750
95.108791	1707.645750
95.108791	1797.066280
95.108791	1841.969279
95.108791	1642.857045
95.108791	1706.401141
164.820438	1779.609750
164.820438	1481.758750
164.820438	1606.696250
164.820438	1777.397084
164.820438	1484.921740
164.820438	1610.059841
127.410756	1778.610250
127.410756	1536.731250
127.410756	1640.679250
103.702368	1824.587250
103.702368	1774.612250
103.702368	1602.698250
103.702368	1654.672250
103.702368	1715.641750
78.419593	1832.583250
78.419593	1880.559250
78.419593	1705.646750
78.419593	1833.032933
78.419593	1875.933424
78.419593	1747.262462
73.702928	1840.579250
73.702928	1892.553250
73.702928	1773.612750
73.702928	1840.667308
73.702928	1885.688346
73.702928	1752.193698
143.952268	1744.627250
143.952268	1473.762750
143.952268	1492.753250
143.952268	1746.787008
143.952268	1478.618128
143.952268	1538.638311
124.373340	1782.608250
124.373340	1542.728250
124.373340	1641.678750
124.373340	1781.284926
124.373340	1543.000559
124.373340	2060.658519
69.911726	1847.575750
69.911726	1900.549250
69.911726	1783.607750
69.911726	1847.303539
69.911726	1892.762025
69.911726	1765.364913
160.766722	1742.628250
160.766722	1456.771250
160.766722	1575.711750
160.766722	1741.231355
160.766722	1460.340911
160.766722	1576.551432
76.355961	1833.582750
76.355961	1881.558750
76.355961	1707.645750
76.355961	1833.532603
76.355961	1875.408388
76.355961	1751.637040
65.903528	1855.571750
65.903528	1751.623750
65.903528	1911.543750
65.903528	1794.602250
144.600091	1744.627250
144.600091	1485.756750
144.600091	1469.764750
144.600091	1583.707750
86.015516	1810.594250
86.015516	1856.571250
86.015516	1728.635250
86.015516	1665.666750
86.015516	1810.324154
86.015516	1854.935265
86.015516	1727.283031
86.015516	1666.464813
91.737967	1846.576250
91.737967	1798.600250
91.737967	1647.675750
91.737967	1709.644750
91.737967	1844.887507
91.737967	1798.857597
91.737967	1648.246729
91.737967	1694.355173
108.374643	1814.592250
108.374643	1763.617750
108.374643	1601.698750
108.374643	1814.397752
108.374643	1761.493938
108.374643	1628.153117
93.170289	1799.599750
93.170289	1845.576750
93.170289	1646.676250
93.170289	1708.645250
93.170289	1799.364963
93.170289	1844.606269
93.170289	1646.528573
93.170289	1695.802428
107.721587	1814.592250
107.721587	1762.618250
107.721587	1602.698250
107.721587	1659.669750
51.618613	1879.559750
51.618613	1878.478581
161.562216	1742.628250
161.562216	1455.771750
161.562216	1575.711750
161.562216	1741.439671
161.562216	1461.121077
161.562216	1576.156694
88.529735	1811.593750
88.529735	1856.571250
88.529735	1728.635250
88.529735	1811.584703
88.529735	1854.260173
88.529735	1703.955719
146.018838	1744.627250
146.018838	1595.701750
146.018838	1474.762250
146.018838	1575.711750
146.018838	1744.740618
146.018838	1601.307790
146.018838	1476.511631
146.018838	1581.711570
68.958339	1848.575250
68.958339	1902.548250
68.958339	1740.629250
68.958339	1785.606750
68.958339	1848.620270
68.958339	1895.035854
68.958339	1222.196407
68.958339	1770.705717
157.044072	1742.628250
157.044072	1460.769250
157.044072	1581.708750
157.044072	1740.728831
157.044072	1463.452294
157.044072	1578.745376
141.115571	1749.624750
141.115571	1473.762750
141.115571	1504.747250
141.115571	1587.705750
73.110904	1842.578250
73.110904	1894.552250
73.110904	1727.635750
151.550456	1717.640750
151.550456	1423.787750
151.550456	1548.725250
151.550456	1717.433933
151.550456	1430.322477
151.550456	1548.041115
77.823863	1832.583250
77.823863	1880.559250
77.823863	1707.645750
77.823863	1765.616750
77.823863	1833.028549
77.823863	1876.112698
77.823863	1706.200486
77.823863	1773.042438
78.976554	1830.584250
78.976554	1879.559750
78.976554	1760.619250
78.976554	1830.223559
78.976554	1874.737256
78.976554	1759.923625
82.137859	1822.588250
82.137859	1869.564750
82.137859	1686.656250
82.137859	1743.627750
82.137859	1823.223304
82.137859	1865.871706
82.137859	1685.784044
82.137859	1733.764809
89.673125	1811.593750
89.673125	1855.571750
89.673125	1728.635250
89.673125	1665.666750
89.673125	1811.804257
89.673125	1854.834753
89.673125	7334806.407749
89.673125	7302504.217744
71.917331	1843.577750
71.917331	1895.551750
71.917331	1728.635250
71.917331	1779.609750
71.917331	1844.054864
71.917331	1887.896167
71.917331	1191.997160
71.917331	1763.172614
81.539746	1823.587750
81.539746	1868.565250
81.539746	1686.656250
81.539746	1836.335928
81.539746	370.149632
81.539746	1703.207252
109.389962	1812.593250
109.389962	1762.618250
109.389962	1690.654250
109.389962	1600.699250
80.107807	1824.587250
80.107807	1870.564250
80.107807	1689.654750
80.107807	1746.626250
80.107807	1824.710600
80.107807	1867.758384
80.107807	1686.923443
80.107807	1750.746823
165.379082	1481.758750
165.379082	1779.609750
165.379082	1605.696750
165.379082	1551.723750
165.379082	1484.607790
165.379082	1779.563134
165.379082	102329375.422551
165.379082	1641.149096
75.141601	1835.581750
75.141601	1885.556750
75.141601	1712.643250
75.141601	1765.616750
